Structure of a model star of mass   1.00000E+00 solar masses
 and radius   8.93475E+02 Mm, with gamma =   1.66667E+00
 for which the central density and pressure  are   3.65861E-03 and   2.84999E+02
 and for which the surface density and pressure are   2.14797E-05 and   5.44542E-02
 The central and surface temperatures are:     4.71858E+00    1.53563E-01

   ir      R (Mm)       M (Msuns)   Rho (kg/cc)   P            T6

    1    3.98758E+01  3.90625E-03  3.65861E-03  2.84999E+02  4.71858E+00
    2    9.03851E+01  7.81250E-03  3.54418E-03  2.70298E+02  4.61967E+00
    3    1.08525E+02  1.17188E-02  3.49294E-03  2.63816E+02  4.57504E+00
    4    1.22046E+02  1.56250E-02  3.44969E-03  2.58394E+02  4.53719E+00
    5    1.33172E+02  1.95313E-02  3.41087E-03  2.53567E+02  4.50309E+00
    6    1.42776E+02  2.34375E-02  3.37508E-03  2.49147E+02  4.47153E+00
    7    1.51312E+02  2.73438E-02  3.34154E-03  2.45034E+02  4.44186E+00
    8    1.59048E+02  3.12500E-02  3.30977E-03  2.41164E+02  4.41366E+00
    9    1.66157E+02  3.51563E-02  3.27945E-03  2.37494E+02  4.38667E+00
   10    1.72761E+02  3.90625E-02  3.25037E-03  2.33993E+02  4.36069E+00
   11    1.78946E+02  4.29688E-02  3.22233E-03  2.30639E+02  4.33558E+00
   12    1.84778E+02  4.68750E-02  3.19521E-03  2.27413E+02  4.31122E+00
   13    1.90308E+02  5.07813E-02  3.16891E-03  2.24301E+02  4.28752E+00
   14    1.95575E+02  5.46875E-02  3.14332E-03  2.21291E+02  4.26442E+00
   15    2.00612E+02  5.85938E-02  3.11840E-03  2.18374E+02  4.24184E+00
   16    2.05445E+02  6.25000E-02  3.09406E-03  2.15542E+02  4.21975E+00
   17    2.10096E+02  6.64063E-02  3.07028E-03  2.12787E+02  4.19809E+00
   18    2.14582E+02  7.03125E-02  3.04699E-03  2.10104E+02  4.17684E+00
   19    2.18921E+02  7.42188E-02  3.02416E-03  2.07487E+02  4.15595E+00
   20    2.23124E+02  7.81250E-02  3.00176E-03  2.04932E+02  4.13540E+00
   21    2.27205E+02  8.20313E-02  2.97976E-03  2.02435E+02  4.11518E+00
   22    2.31172E+02  8.59375E-02  2.95814E-03  1.99993E+02  4.09524E+00
   23    2.35035E+02  8.98438E-02  2.93687E-03  1.97602E+02  4.07559E+00
   24    2.38802E+02  9.37500E-02  2.91593E-03  1.95259E+02  4.05619E+00
   25    2.42479E+02  9.76563E-02  2.89530E-03  1.92962E+02  4.03704E+00
   26    2.46072E+02  1.01563E-01  2.87497E-03  1.90709E+02  4.01812E+00
   27    2.49588E+02  1.05469E-01  2.85492E-03  1.88497E+02  3.99941E+00
   28    2.53031E+02  1.09375E-01  2.83513E-03  1.86325E+02  3.98091E+00
   29    2.56406E+02  1.13281E-01  2.81560E-03  1.84190E+02  3.96261E+00
   30    2.59717E+02  1.17188E-01  2.79631E-03  1.82092E+02  3.94449E+00
   31    2.62967E+02  1.21094E-01  2.77725E-03  1.80028E+02  3.92654E+00
   32    2.66160E+02  1.25000E-01  2.75841E-03  1.77997E+02  3.90877E+00
   33    2.69300E+02  1.28906E-01  2.73978E-03  1.75999E+02  3.89115E+00
   34    2.72388E+02  1.32813E-01  2.72136E-03  1.74031E+02  3.87369E+00
   35    2.75429E+02  1.36719E-01  2.70313E-03  1.72092E+02  3.85637E+00
   36    2.78423E+02  1.40625E-01  2.68509E-03  1.70182E+02  3.83919E+00
   37    2.81374E+02  1.44531E-01  2.66723E-03  1.68300E+02  3.82215E+00
   38    2.84283E+02  1.48438E-01  2.64955E-03  1.66444E+02  3.80524E+00
   39    2.87152E+02  1.52344E-01  2.63203E-03  1.64614E+02  3.78845E+00
   40    2.89984E+02  1.56250E-01  2.61468E-03  1.62809E+02  3.77177E+00
   41    2.92780E+02  1.60156E-01  2.59748E-03  1.61028E+02  3.75522E+00
   42    2.95542E+02  1.64063E-01  2.58043E-03  1.59271E+02  3.73877E+00
   43    2.98270E+02  1.67969E-01  2.56354E-03  1.57537E+02  3.72243E+00
   44    3.00967E+02  1.71875E-01  2.54678E-03  1.55824E+02  3.70619E+00
   45    3.03634E+02  1.75781E-01  2.53016E-03  1.54133E+02  3.69005E+00
   46    3.06271E+02  1.79688E-01  2.51368E-03  1.52463E+02  3.67401E+00
   47    3.08881E+02  1.83594E-01  2.49733E-03  1.50814E+02  3.65806E+00
   48    3.11465E+02  1.87500E-01  2.48110E-03  1.49184E+02  3.64220E+00
   49    3.14022E+02  1.91406E-01  2.46500E-03  1.47574E+02  3.62642E+00
   50    3.16555E+02  1.95313E-01  2.44901E-03  1.45983E+02  3.61073E+00
   51    3.19064E+02  1.99219E-01  2.43315E-03  1.44410E+02  3.59511E+00
   52    3.21550E+02  2.03125E-01  2.41739E-03  1.42855E+02  3.57958E+00
   53    3.24014E+02  2.07031E-01  2.40175E-03  1.41317E+02  3.56412E+00
   54    3.26457E+02  2.10938E-01  2.38621E-03  1.39797E+02  3.54873E+00
   55    3.28880E+02  2.14844E-01  2.37078E-03  1.38294E+02  3.53342E+00
   56    3.31282E+02  2.18750E-01  2.35546E-03  1.36807E+02  3.51817E+00
   57    3.33666E+02  2.22656E-01  2.34023E-03  1.35336E+02  3.50299E+00
   58    3.36031E+02  2.26563E-01  2.32510E-03  1.33881E+02  3.48788E+00
   59    3.38379E+02  2.30469E-01  2.31006E-03  1.32441E+02  3.47283E+00
   60    3.40709E+02  2.34375E-01  2.29512E-03  1.31017E+02  3.45784E+00
   61    3.43023E+02  2.38281E-01  2.28027E-03  1.29607E+02  3.44291E+00
   62    3.45320E+02  2.42188E-01  2.26551E-03  1.28212E+02  3.42803E+00
   63    3.47603E+02  2.46094E-01  2.25084E-03  1.26831E+02  3.41321E+00
   64    3.49870E+02  2.50000E-01  2.23625E-03  1.25464E+02  3.39845E+00
   65    3.52123E+02  2.53906E-01  2.22175E-03  1.24110E+02  3.38374E+00
   66    3.54361E+02  2.57813E-01  2.20733E-03  1.22770E+02  3.36908E+00
   67    3.56586E+02  2.61719E-01  2.19299E-03  1.21444E+02  3.35447E+00
   68    3.58798E+02  2.65625E-01  2.17872E-03  1.20130E+02  3.33991E+00
   69    3.60998E+02  2.69531E-01  2.16454E-03  1.18829E+02  3.32540E+00
   70    3.63185E+02  2.73438E-01  2.15043E-03  1.17541E+02  3.31093E+00
   71    3.65360E+02  2.77344E-01  2.13639E-03  1.16265E+02  3.29651E+00
   72    3.67523E+02  2.81250E-01  2.12243E-03  1.15002E+02  3.28213E+00
   73    3.69675E+02  2.85156E-01  2.10853E-03  1.13750E+02  3.26779E+00
   74    3.71817E+02  2.89063E-01  2.09471E-03  1.12510E+02  3.25349E+00
   75    3.73948E+02  2.92969E-01  2.08096E-03  1.11281E+02  3.23924E+00
   76    3.76069E+02  2.96875E-01  2.06727E-03  1.10064E+02  3.22502E+00
   77    3.78180E+02  3.00781E-01  2.05365E-03  1.08858E+02  3.21084E+00
   78    3.80281E+02  3.04688E-01  2.04010E-03  1.07663E+02  3.19670E+00
   79    3.82373E+02  3.08594E-01  2.02661E-03  1.06480E+02  3.18259E+00
   80    3.84457E+02  3.12500E-01  2.01318E-03  1.05306E+02  3.16852E+00
   81    3.86531E+02  3.16406E-01  1.99982E-03  1.04144E+02  3.15448E+00
   82    3.88598E+02  3.20313E-01  1.98651E-03  1.02992E+02  3.14047E+00
   83    3.90656E+02  3.24219E-01  1.97327E-03  1.01850E+02  3.12650E+00
   84    3.92706E+02  3.28125E-01  1.96008E-03  1.00718E+02  3.11255E+00
   85    3.94749E+02  3.32031E-01  1.94695E-03  9.95960E+01  3.09864E+00
   86    3.96784E+02  3.35938E-01  1.93388E-03  9.84840E+01  3.08475E+00
   87    3.98812E+02  3.39844E-01  1.92087E-03  9.73818E+01  3.07090E+00
   88    4.00834E+02  3.43750E-01  1.90791E-03  9.62892E+01  3.05707E+00
   89    4.02849E+02  3.47656E-01  1.89500E-03  9.52060E+01  3.04327E+00
   90    4.04857E+02  3.51563E-01  1.88215E-03  9.41322E+01  3.02949E+00
   91    4.06859E+02  3.55469E-01  1.86935E-03  9.30677E+01  3.01574E+00
   92    4.08855E+02  3.59375E-01  1.85660E-03  9.20122E+01  3.00201E+00
   93    4.10846E+02  3.63281E-01  1.84390E-03  9.09658E+01  2.98831E+00
   94    4.12830E+02  3.67188E-01  1.83125E-03  8.99283E+01  2.97463E+00
   95    4.14810E+02  3.71094E-01  1.81865E-03  8.88995E+01  2.96097E+00
   96    4.16784E+02  3.75000E-01  1.80610E-03  8.78795E+01  2.94733E+00
   97    4.18753E+02  3.78906E-01  1.79360E-03  8.68680E+01  2.93372E+00
   98    4.20718E+02  3.82813E-01  1.78115E-03  8.58650E+01  2.92012E+00
   99    4.22678E+02  3.86719E-01  1.76874E-03  8.48704E+01  2.90654E+00
  100    4.24633E+02  3.90625E-01  1.75638E-03  8.38841E+01  2.89298E+00
  101    4.26585E+02  3.94531E-01  1.74406E-03  8.29060E+01  2.87944E+00
  102    4.28532E+02  3.98438E-01  1.73179E-03  8.19360E+01  2.86592E+00
  103    4.30475E+02  4.02344E-01  1.71956E-03  8.09741E+01  2.85241E+00
  104    4.32414E+02  4.06250E-01  1.70738E-03  8.00200E+01  2.83892E+00
  105    4.34350E+02  4.10156E-01  1.69524E-03  7.90739E+01  2.82545E+00
  106    4.36283E+02  4.14063E-01  1.68314E-03  7.81355E+01  2.81199E+00
  107    4.38212E+02  4.17969E-01  1.67108E-03  7.72047E+01  2.79854E+00
  108    4.40138E+02  4.21875E-01  1.65906E-03  7.62816E+01  2.78511E+00
  109    4.42062E+02  4.25781E-01  1.64708E-03  7.53660E+01  2.77169E+00
  110    4.43982E+02  4.29688E-01  1.63515E-03  7.44579E+01  2.75828E+00
  111    4.45900E+02  4.33594E-01  1.62325E-03  7.35571E+01  2.74488E+00
  112    4.47816E+02  4.37500E-01  1.61139E-03  7.26637E+01  2.73150E+00
  113    4.49729E+02  4.41406E-01  1.59957E-03  7.17774E+01  2.71812E+00
  114    4.51640E+02  4.45313E-01  1.58779E-03  7.08984E+01  2.70476E+00
  115    4.53549E+02  4.49219E-01  1.57604E-03  7.00264E+01  2.69140E+00
  116    4.55456E+02  4.53125E-01  1.56433E-03  6.91615E+01  2.67806E+00
  117    4.57362E+02  4.57031E-01  1.55266E-03  6.83036E+01  2.66472E+00
  118    4.59266E+02  4.60938E-01  1.54102E-03  6.74525E+01  2.65139E+00
  119    4.61168E+02  4.64844E-01  1.52942E-03  6.66083E+01  2.63806E+00
  120    4.63069E+02  4.68750E-01  1.51786E-03  6.57708E+01  2.62475E+00
  121    4.64969E+02  4.72656E-01  1.50632E-03  6.49401E+01  2.61143E+00
  122    4.66869E+02  4.76563E-01  1.49482E-03  6.41160E+01  2.59813E+00
  123    4.68767E+02  4.80469E-01  1.48336E-03  6.32985E+01  2.58483E+00
  124    4.70664E+02  4.84375E-01  1.47193E-03  6.24875E+01  2.57153E+00
  125    4.72561E+02  4.88281E-01  1.46053E-03  6.16831E+01  2.55824E+00
  126    4.74458E+02  4.92188E-01  1.44916E-03  6.08850E+01  2.54494E+00
  127    4.76354E+02  4.96094E-01  1.43783E-03  6.00934E+01  2.53166E+00
  128    4.78250E+02  5.00000E-01  1.42652E-03  5.93080E+01  2.51837E+00
  129    4.80146E+02  5.03906E-01  1.41525E-03  5.85289E+01  2.50508E+00
  130    4.82042E+02  5.07813E-01  1.40401E-03  5.77561E+01  2.49180E+00
  131    4.83938E+02  5.11719E-01  1.39279E-03  5.69894E+01  2.47852E+00
  132    4.85835E+02  5.15625E-01  1.38161E-03  5.62288E+01  2.46523E+00
  133    4.87732E+02  5.19531E-01  1.37046E-03  5.54743E+01  2.45195E+00
  134    4.89630E+02  5.23438E-01  1.35933E-03  5.47258E+01  2.43866E+00
  135    4.91529E+02  5.27344E-01  1.34824E-03  5.39833E+01  2.42537E+00
  136    4.93428E+02  5.31250E-01  1.33717E-03  5.32468E+01  2.41208E+00
  137    4.95329E+02  5.35156E-01  1.32613E-03  5.25161E+01  2.39878E+00
  138    4.97231E+02  5.39063E-01  1.31512E-03  5.17912E+01  2.38548E+00
  139    4.99134E+02  5.42969E-01  1.30413E-03  5.10722E+01  2.37218E+00
  140    5.01039E+02  5.46875E-01  1.29317E-03  5.03589E+01  2.35887E+00
  141    5.02945E+02  5.50781E-01  1.28224E-03  4.96513E+01  2.34556E+00
  142    5.04853E+02  5.54688E-01  1.27133E-03  4.89494E+01  2.33224E+00
  143    5.06763E+02  5.58594E-01  1.26045E-03  4.82532E+01  2.31891E+00
  144    5.08676E+02  5.62500E-01  1.24959E-03  4.75625E+01  2.30558E+00
  145    5.10590E+02  5.66406E-01  1.23876E-03  4.68774E+01  2.29224E+00
  146    5.12507E+02  5.70313E-01  1.22796E-03  4.61978E+01  2.27889E+00
  147    5.14426E+02  5.74219E-01  1.21717E-03  4.55236E+01  2.26553E+00
  148    5.16348E+02  5.78125E-01  1.20642E-03  4.48550E+01  2.25216E+00
  149    5.18272E+02  5.82031E-01  1.19568E-03  4.41917E+01  2.23877E+00
  150    5.20200E+02  5.85938E-01  1.18497E-03  4.35338E+01  2.22538E+00
  151    5.22131E+02  5.89844E-01  1.17428E-03  4.28812E+01  2.21198E+00
  152    5.24065E+02  5.93750E-01  1.16361E-03  4.22340E+01  2.19856E+00
  153    5.26002E+02  5.97656E-01  1.15297E-03  4.15920E+01  2.18513E+00
  154    5.27943E+02  6.01563E-01  1.14234E-03  4.09552E+01  2.17169E+00
  155    5.29888E+02  6.05469E-01  1.13174E-03  4.03237E+01  2.15823E+00
  156    5.31837E+02  6.09375E-01  1.12116E-03  3.96973E+01  2.14476E+00
  157    5.33789E+02  6.13281E-01  1.11060E-03  3.90761E+01  2.13127E+00
  158    5.35747E+02  6.17188E-01  1.10006E-03  3.84599E+01  2.11776E+00
  159    5.37708E+02  6.21094E-01  1.08954E-03  3.78489E+01  2.10424E+00
  160    5.39674E+02  6.25000E-01  1.07904E-03  3.72429E+01  2.09070E+00
  161    5.41645E+02  6.28906E-01  1.06856E-03  3.66419E+01  2.07714E+00
  162    5.43621E+02  6.32813E-01  1.05809E-03  3.60459E+01  2.06356E+00
  163    5.45602E+02  6.36719E-01  1.04765E-03  3.54549E+01  2.04996E+00
  164    5.47588E+02  6.40625E-01  1.03722E-03  3.48688E+01  2.03633E+00
  165    5.49580E+02  6.44531E-01  1.02682E-03  3.42876E+01  2.02269E+00
  166    5.51577E+02  6.48438E-01  1.01643E-03  3.37113E+01  2.00902E+00
  167    5.53581E+02  6.52344E-01  1.00605E-03  3.31399E+01  1.99533E+00
  168    5.55590E+02  6.56250E-01  9.95697E-04  3.25733E+01  1.98161E+00
  169    5.57606E+02  6.60156E-01  9.85358E-04  3.20115E+01  1.96787E+00
  170    5.59629E+02  6.64063E-01  9.75034E-04  3.14545E+01  1.95410E+00
  171    5.61658E+02  6.67969E-01  9.64726E-04  3.09022E+01  1.94030E+00
  172    5.63694E+02  6.71875E-01  9.54434E-04  3.03547E+01  1.92648E+00
  173    5.65738E+02  6.75781E-01  9.44157E-04  2.98119E+01  1.91262E+00
  174    5.67788E+02  6.79688E-01  9.33894E-04  2.92738E+01  1.89874E+00
  175    5.69847E+02  6.83594E-01  9.23645E-04  2.87403E+01  1.88482E+00
  176    5.71913E+02  6.87500E-01  9.13411E-04  2.82115E+01  1.87087E+00
  177    5.73988E+02  6.91406E-01  9.03189E-04  2.76873E+01  1.85689E+00
  178    5.76071E+02  6.95313E-01  8.92981E-04  2.71677E+01  1.84287E+00
  179    5.78163E+02  6.99219E-01  8.82786E-04  2.66527E+01  1.82882E+00
  180    5.80264E+02  7.03125E-01  8.72603E-04  2.61423E+01  1.81473E+00
  181    5.82374E+02  7.07031E-01  8.62432E-04  2.56364E+01  1.80060E+00
  182    5.84494E+02  7.10938E-01  8.52272E-04  2.51350E+01  1.78643E+00
  183    5.86624E+02  7.14844E-01  8.42123E-04  2.46382E+01  1.77222E+00
  184    5.88763E+02  7.18750E-01  8.31985E-04  2.41458E+01  1.75797E+00
  185    5.90914E+02  7.22656E-01  8.21857E-04  2.36579E+01  1.74367E+00
  186    5.93075E+02  7.26563E-01  8.11739E-04  2.31745E+01  1.72933E+00
  187    5.95247E+02  7.30469E-01  8.01630E-04  2.26955E+01  1.71494E+00
  188    5.97431E+02  7.34375E-01  7.91529E-04  2.22209E+01  1.70051E+00
  189    5.99627E+02  7.38281E-01  7.81437E-04  2.17507E+01  1.68602E+00
  190    6.01834E+02  7.42188E-01  7.71353E-04  2.12849E+01  1.67149E+00
  191    6.04055E+02  7.46094E-01  7.61276E-04  2.08235E+01  1.65690E+00
  192    6.06289E+02  7.50000E-01  7.51206E-04  2.03664E+01  1.64225E+00
  193    6.08536E+02  7.53906E-01  7.41143E-04  1.99137E+01  1.62755E+00
  194    6.10797E+02  7.57813E-01  7.31084E-04  1.94653E+01  1.61279E+00
  195    6.13072E+02  7.61719E-01  7.21032E-04  1.90213E+01  1.59797E+00
  196    6.15362E+02  7.65625E-01  7.10983E-04  1.85815E+01  1.58309E+00
  197    6.17668E+02  7.69531E-01  7.00939E-04  1.81461E+01  1.56815E+00
  198    6.19989E+02  7.73438E-01  6.90898E-04  1.77149E+01  1.55314E+00
  199    6.22327E+02  7.77344E-01  6.80860E-04  1.72880E+01  1.53806E+00
  200    6.24681E+02  7.81250E-01  6.70824E-04  1.68654E+01  1.52291E+00
  201    6.27053E+02  7.85156E-01  6.60789E-04  1.64470E+01  1.50768E+00
  202    6.29443E+02  7.89063E-01  6.50756E-04  1.60329E+01  1.49238E+00
  203    6.31852E+02  7.92969E-01  6.40722E-04  1.56230E+01  1.47700E+00
  204    6.34280E+02  7.96875E-01  6.30687E-04  1.52174E+01  1.46154E+00
  205    6.36728E+02  8.00781E-01  6.20651E-04  1.48159E+01  1.44599E+00
  206    6.39197E+02  8.04688E-01  6.10613E-04  1.44187E+01  1.43036E+00
  207    6.41688E+02  8.08594E-01  6.00572E-04  1.40257E+01  1.41463E+00
  208    6.44201E+02  8.12500E-01  5.90526E-04  1.36369E+01  1.39881E+00
  209    6.46737E+02  8.16406E-01  5.80476E-04  1.32522E+01  1.38290E+00
  210    6.49297E+02  8.20313E-01  5.70419E-04  1.28718E+01  1.36688E+00
  211    6.51882E+02  8.24219E-01  5.60356E-04  1.24956E+01  1.35075E+00
  212    6.54493E+02  8.28125E-01  5.50285E-04  1.21235E+01  1.33452E+00
  213    6.57131E+02  8.32031E-01  5.40205E-04  1.17556E+01  1.31817E+00
  214    6.59798E+02  8.35938E-01  5.30114E-04  1.13920E+01  1.30171E+00
  215    6.62493E+02  8.39844E-01  5.20012E-04  1.10324E+01  1.28512E+00
  216    6.65219E+02  8.43750E-01  5.09897E-04  1.06771E+01  1.26840E+00
  217    6.67977E+02  8.47656E-01  4.99768E-04  1.03260E+01  1.25154E+00
  218    6.70768E+02  8.51563E-01  4.89624E-04  9.97900E+00  1.23455E+00
  219    6.73594E+02  8.55469E-01  4.79462E-04  9.63623E+00  1.21741E+00
  220    6.76456E+02  8.59375E-01  4.69282E-04  9.29764E+00  1.20012E+00
  221    6.79356E+02  8.63281E-01  4.59082E-04  8.96325E+00  1.18266E+00
  222    6.82296E+02  8.67188E-01  4.48859E-04  8.63307E+00  1.16504E+00
  223    6.85278E+02  8.71094E-01  4.38611E-04  8.30709E+00  1.14724E+00
  224    6.88304E+02  8.75000E-01  4.28338E-04  7.98533E+00  1.12925E+00
  225    6.91376E+02  8.78906E-01  4.18035E-04  7.66781E+00  1.11107E+00
  226    6.94497E+02  8.82813E-01  4.07702E-04  7.35452E+00  1.09269E+00
  227    6.97669E+02  8.86719E-01  3.97335E-04  7.04549E+00  1.07408E+00
  228    7.00895E+02  8.90625E-01  3.86932E-04  6.74072E+00  1.05525E+00
  229    7.04179E+02  8.94531E-01  3.76489E-04  6.44024E+00  1.03618E+00
  230    7.07524E+02  8.98438E-01  3.66003E-04  6.14407E+00  1.01685E+00
  231    7.10934E+02  9.02344E-01  3.55470E-04  5.85222E+00  9.97246E-01
  232    7.14413E+02  9.06250E-01  3.44887E-04  5.56472E+00  9.77353E-01
  233    7.17965E+02  9.10156E-01  3.34249E-04  5.28160E+00  9.57150E-01
  234    7.21596E+02  9.14063E-01  3.23551E-04  5.00288E+00  9.36617E-01
  235    7.25312E+02  9.17969E-01  3.12788E-04  4.72859E+00  9.15729E-01
  236    7.29118E+02  9.21875E-01  3.01953E-04  4.45877E+00  8.94459E-01
  237    7.33023E+02  9.25781E-01  2.91041E-04  4.19347E+00  8.72777E-01
  238    7.37034E+02  9.29688E-01  2.80044E-04  3.93272E+00  8.50650E-01
  239    7.41161E+02  9.33594E-01  2.68953E-04  3.67657E+00  8.28039E-01
  240    7.45414E+02  9.37500E-01  2.57758E-04  3.42507E+00  8.04900E-01
  241    7.49806E+02  9.41406E-01  2.46449E-04  3.17829E+00  7.81181E-01
  242    7.54351E+02  9.45313E-01  2.35012E-04  2.93629E+00  7.56822E-01
  243    7.59066E+02  9.49219E-01  2.23433E-04  2.69915E+00  7.31754E-01
  244    7.63972E+02  9.53125E-01  2.11693E-04  2.46696E+00  7.05893E-01
  245    7.69093E+02  9.57031E-01  1.99772E-04  2.23980E+00  6.79137E-01
  246    7.74459E+02  9.60938E-01  1.87644E-04  2.01779E+00  6.51364E-01
  247    7.80107E+02  9.64844E-01  1.75277E-04  1.80105E+00  6.22421E-01
  248    7.86084E+02  9.68750E-01  1.62631E-04  1.58972E+00  5.92110E-01
  249    7.92453E+02  9.72656E-01  1.49654E-04  1.38398E+00  5.60178E-01
  250    7.99297E+02  9.76563E-01  1.36278E-04  1.18401E+00  5.26280E-01
  251    8.06732E+02  9.80469E-01  1.22406E-04  9.90041E-01  4.89931E-01
  252    8.14931E+02  9.84375E-01  1.07899E-04  8.02312E-01  4.50413E-01
  253    8.24168E+02  9.88281E-01  9.25333E-05  6.21078E-01  4.06567E-01
  254    8.34934E+02  9.92188E-01  7.59077E-05  4.46470E-01  3.56280E-01
  255    8.48307E+02  9.96094E-01  5.70942E-05  2.77738E-01  2.94665E-01
  256    8.74655E+02  1.00000E+00  2.14797E-05  5.44542E-02  1.53563E-01
